555555555555555555555555
5    f5fsf5 5j  5 t!5   
555 555   5 555 5 555 e 
5&t   5  e5         5   
55555 5 555 5 v 5   5 55
5         5 5   5       
5#5 55555 5 5!!@555 555 
5a5   5     5   5   5a  
5a5 e 5   5 5 t 5 e 5ae 
5a  z^5   5     5   5as 
55555555555 555555555555
8a8h8 8   8     7   aaaa
8a8 8 8 888 7777777 7777
8     8   8     7   7   
8 8 8 8 s 8 7   7 7 777 
8g8 8       7     7     
88888 8888877 777 7 7 e 
8aaa8 8^*$8 7   7 7 7   
8 e 8 8 t 8 7 e 7 777777
8   8     8     7t  7 ad
8 8888888 87777 777 7 77
8   8 8!  8f7   7   7 n 
8 c 8e8!  8 7 s 7   7   
8         8     7   e   